single letter frequencies

Expected value of prob is 0.313350.  Variance is 0.156338.

 0.0000  0.0000  0.0000  0.0000  0.0000  0.0000  0.0000  0.0000 
 0.0000  0.2167  0.2167  0.0000  0.2167  0.2167  0.0000  0.0000 
 0.0000  0.0000  0.0000  0.0000  0.0000  0.0000  0.0000  0.0000 
 0.0000  0.0000  0.0000  0.0000  0.0000  0.0000  0.0000  0.0000 
 0.2167  0.0140  0.0040  0.0034  0.0034  0.0034  0.0034  0.0040 
 0.0032  0.0052  0.0034  0.0034  0.0140  0.0103  0.0140  0.0004 
 0.0342  0.0342  0.0342  0.0342  0.0342  0.0342  0.0342  0.0342 
 0.0342  0.0342  0.0140  0.0140  0.0032  0.0034  0.0052  0.0140 
 0.0034  0.0558  0.0127  0.0239  0.0270  0.0904  0.0136  0.0166 
 0.0342  0.0496  0.0013  0.0039  0.0324  0.0195  0.0456  0.0526 
 0.0162  0.0008  0.0423  0.0480  0.0652  0.0210  0.0073  0.0133 
 0.0027  0.0119  0.0007  0.0032  0.0004  0.0052  0.0034  0.0103 
 0.0040  0.0558  0.0127  0.0239  0.0270  0.0904  0.0136  0.0166 
 0.0342  0.0496  0.0013  0.0039  0.0324  0.0195  0.0456  0.0526 
 0.0162  0.0008  0.0423  0.0480  0.0652  0.0210  0.0073  0.0133 
 0.0027  0.0119  0.0007  0.0032  0.0034  0.0052  0.0034  0.0000 

Expected value of logprob is -3.623789.  Variance is 18.575068.
Log of single letter frequencies

-4.7974 -4.7974 -4.7974 -4.7974 -4.7974 -4.7974 -4.7974 -4.7974 
-4.7974 -0.6641 -0.6641  0.0000 -0.6641 -0.6641 -4.7974 -4.7974 
-4.7974 -4.7974 -4.7974 -4.7974 -4.7974 -4.7974 -4.7974 -4.7974 
-4.7974 -4.7974 -4.7974 -4.7974 -4.7974 -4.7974 -4.7974 -4.7974 
-0.6641 -1.8534 -2.4012 -2.4690 -2.4690 -2.4690 -2.4690 -2.4012 
-2.4899 -2.2815 -2.4690 -2.4690 -1.8534 -1.9865 -1.8534 -3.4550 
-1.4664 -1.4664 -1.4664 -1.4664 -1.4664 -1.4664 -1.4664 -1.4664 
-1.4664 -1.4664 -1.8534 -1.8534 -2.4899 -2.4690 -2.2815 -1.8534 
-2.4690 -1.2536 -1.8970 -1.6219 -1.5682 -1.0437 -1.8680 -1.7800 
-1.4662 -1.3041 -2.8783 -2.4065 -1.4891 -1.7100 -1.3410 -1.2786 
-1.7892 -3.1162 -1.3733 -1.3191 -1.1855 -1.6768 -2.1384 -1.8768 
-2.5747 -1.9247 -3.1442 -2.4899 -3.4550 -2.2815 -2.4690 -1.9865 
-2.4012 -1.2536 -1.8970 -1.6219 -1.5682 -1.0437 -1.8680 -1.7800 
-1.4662 -1.3041 -2.8783 -2.4065 -1.4891 -1.7100 -1.3410 -1.2786 
-1.7892 -3.1162 -1.3733 -1.3191 -1.1855 -1.6768 -2.1384 -1.8768 
-2.5747 -1.9247 -3.1442 -2.4899 -2.4690 -2.2815 -2.4690 -4.7974 
